7959592157
6464826140
2546404712
6471816648
9107332364
5027681543
7342632842
8489473787
8331761122
7553174050
6015202007
7564453642
6435187311
8220553734
5840549056
7774956291
7805691265
7317670078
7757042792
7738611103
8000048882
6120724029
7638648231
7907828409
7747657400
7451306979
7840218355
7941884195
7941605881
7972355711
7895554621
7973159511
1654239084
7762376027
7999458569
7873031417
32964219
8000179708
8000257743
7883355268
7535240659
9194822795
7501878645
7869969637
7980764502
4001669742
7980047297
6289007709
9025653296
6518232880
7906768969
7918112866
7841472524
7894383897
5097675586
7922301510
6271282114
7873806843
7767322341
6218015415
7924232584
7897052492
7892702075
7892636977
7892638652
7892764741
5381101424
5680062209
1849019352
2474624903
7929485136
7874172264
7749806797
7593299453
7951630110
7953434950
1979611281
5262547840
4039201200
7999431604
6215787055
6585372503
6933259351
7948658779
6290892721
7883986133
7898655789
7880449131
7874777712
1789117213
7974507484
7914312973
5999978082
7897184632
7884473811
7861756297
7785985006
7750211467
3251863730
8000332616
5342367106
7794192813
8001690563
8000402084
5340010791
7860979509
3869079265
7867871495
7328618598
5034888807
6166614864
2335464452
7971269541
7949534161
7890112188
7890112210
