7757042792
7840125259
7562186383
6464826140
3810802359
7440116070
6394261536
7875098147
7513418165
7862493144
1653470274
7877601713
7882642229
5462552128
7701434023
7788500639
7805648004
7914312973
7738611103
7973709651
7993059007
8000179708
3026241471
6471816648
7873806843
7770127482
7280042636
7774304007
8361030340
9099457057
8383310928
7840218355
7940723961
7882989523
7884307407
1789117213
3438001330
7917355282
6218015415
1979611281
6255120108
7455311504
7875458040
6271282114
5097675586
7893578515
7920683178
5975385943
7797709137
7806181629
7501878645
7972351056
7372988074
6607864045
7911585357
7767322341
7841472524
7897052492
7924232584
7031991963
5054461599
7884601523
7884740945
3227273617
7890112210
7890374528
7890112188
7874810884
8001690563
7638648231
7963088160
6120724029
8000204568
7824965595
8331761122
9107332364
6813794750
7952065156
7972355123
7571054390
3869079265
7971269541
7971214716
6271166089
7122757495
8000332616
2474624903
7929485136
3297562372
5488931941
6370355659
